Id,SalePrice
1461,119628.85758070374
1462,145532.46032055502
1463,173165.21454335397
1464,185583.3485751163
1465,198174.14653045242
1466,171399.02156580612
1467,177008.21226770582
1468,156816.1271804981
1469,215556.96204994424
1470,111263.97000516427
1471,184658.51104358133
1472,103843.49433615794
1473,95271.99707524224
1474,146751.48929087905
1475,110457.57705114833
1476,357386.02817445446
1477,249857.85057375452
1485,204087.38208136658
1486,196402.3441123825
1487,318409.8413859983
1488,231831.23023755063
1489,186857.8996688303
1490,243626.67069835032
1491,196468.1220442321
1492,95003.3204605477
1493,210945.01385343482
1494,295671.81527971814
1495,283975.43078693224
1496,235409.80010646334
1497,170255.8981740678
1498,157241.4899892366
1499,162220.1805174865
1500,152774.51240156204
1501,193511.15586655462
1502,149756.64293968183
1503,272431.25126950134
1504,244031.36132365637
1505,223257.49201191647
1506,193748.59181724995
1507,252733.91250998803
1508,189743.6519355058
1509,162051.40991276427
1510,138281.29887442142
1511,146173.15440384758
1512,177708.5812798039
1513,162784.994782795
1514,143666.7162758112
1515,194313.4407597916
1516,166668.42435337644
1517,167828.88073254607
1518,124663.69140344602
1519,212141.1967139049
1520,121156.29380669919
1521,119090.24312990063
1522,192774.13293487072
1523,97278.1992749345
1524,119969.21617878498
1525,112610.63801627254
1526,94680.02038138732
1527,90800.42233582848
1528,145961.56020481233
1529,149355.64863808735
1530,219251.38814631733
1531,140467.99332241074
1532,113537.48326770772
1533,148183.1092127437
1534,129282.4162076617
1535,154911.80580385108
1536,104549.385241058
1537,38963.83577822099
1538,160521.9234371957
1539,212181.77455627406
1540,121944.53113895672
1541,137066.4509718801
1542,146830.99529360567
1543,183498.05333648383
1544,95468.17709363226
1545,128666.74276484907
1546,137298.6897749172
1547,141042.09586123042
1548,148536.88012952713
1549,121779.25072855719
1550,139681.1547260298
1551,118177.36984957315
1552,159133.1483732991
1553,162149.26453978271
1554,117575.74411175013
1555,155176.41746468155
1556,84335.87616883026
1557,88766.37159246499
1558,93564.97293554805
1559,95146.24265121509
1560,124776.20175045727
1561,113708.50965544989
1562,127286.60373355394
1563,123004.62035636824
1564,149710.5772389719
1565,147910.41535464703
1566,244345.77356999647
1567,76249.33202441272
1568,226515.28338927575
1569,111694.43942611988
1570,153425.24941522867
1571,98976.33155585181
1572,141741.18555492532
1573,243232.5562625641
1574,121807.31722124523
1575,236641.79850174894
1576,232555.38383462845
1577,186226.39154609275
1578,146267.56180446807
1579,131668.1813411225
1580,194286.23746299552
1581,163781.5955197565
1582,134407.46319778258
1583,267507.015659531
1584,227638.40528260745
1585,148096.9196929454
1586,48881.754561360896
1587,110866.71184733816
1588,163752.49868127907
1589,102237.86973470551
1590,129990.5334675029
1591,87555.10651708755
1592,120829.24359114813
1593,139169.6552174716
1594,143066.78691102847
1595,121975.65514259135
1596,226850.11427625208
1597,194651.87308105233
1598,222148.69639700226
1599,205502.75110676442
1600,185543.9732371729
1601,41464.04119797936
1602,125237.81646920626
1603,91539.57112802094
1604,289062.3150225327
1605,245387.9154728676
1606,149738.78257337632
1607,163402.1172064662
1608,219061.82484428614
1609,183175.1468600259
1610,147938.13888875773
1611,138527.3420154472
1612,190144.1097071655
1613,164357.85907686432
1614,155241.66270987055
1615,99594.92372319191
1616,68458.6328207968
1617,84022.83893653411
1618,118177.23479292558
1619,150025.38464139684
1620,163378.82196389502
1621,132359.8142317368
1622,147238.24445548136
1623,256952.45777997602
1624,208324.2876777929
1625,110755.6047986555
1626,170200.4400251712
1627,180269.19428692374
1628,286657.4875767523
1629,184815.8735065308
1630,317328.6346828328
1631,220833.20514651597
1632,233174.9662434858
1633,196852.75657743856
1634,191120.16819213744
1635,179153.42935486918
1636,148559.47828891216
1637,191345.09691126912
1638,199351.9483603045
1639,187954.65155882598
1640,247618.42635414592
1641,182124.5323562087
1642,259186.60384198284
1643,220565.19128576177
1644,232402.0230439509
1645,207324.02435648907
1646,157603.50235156156
1647,162472.21696120163
1648,124756.39621504748
1649,128976.44084455489
1650,117639.56686441148
1651,121726.43748641119
1652,107157.578579668
1653,108074.27111670058
1654,146535.3539171342
1655,128260.76320659727
1656,136108.1808318808
1657,143067.52576506964
1658,144923.9570906338
1659,115451.66368623299
1660,144301.77425248222
1661,407724.7918168152
1662,376376.3595987449
1663,373209.2265291648
1664,448290.54242117354
1665,332550.66337388294
1666,320879.54079044703
1667,361685.5707249763
1668,354269.73775803245
1669,319348.6463320154
1670,354590.9529679774
1671,251781.6124848264
1672,385441.42748939316
1673,288201.9770869957
1674,251300.91518714954
1675,201415.83889572418
1676,204692.87109998625
1677,217806.4373241348
1678,440709.8343427354
1679,372702.96494273184
1680,329096.6514911417
1681,285988.4065298299
1682,322344.33037060616
1683,199137.65715498402
1684,180547.87245657918
1685,176589.87205018138
1686,173978.95722678295
1687,185718.21666695573
1688,186282.82151358912
1689,197236.76521270393
1690,198938.247567849
1691,193007.05793241534
1692,276323.35339572123
1693,194978.02041327534
1694,182449.60212492192
1695,178972.0667368402
1696,258658.9143717782
1697,185204.73511914295
1698,329195.21295541525
1699,301334.07095685037
1700,265127.9737507608
1701,282985.677123263
1702,243547.98244902946
1703,236039.68770886853
1704,264267.87178749824
1705,261576.64386844324
1706,395704.75995720207
1707,225741.22629823984
1708,199075.47000204393
1709,249742.81771787716
1710,223271.3130564965
1711,274659.5679828608
1712,240397.2979988663
1713,267308.31812901044
1714,221234.64020900097
1715,209850.38015572907
1716,181927.90226307668
1717,191210.73740390502
1718,141120.63252218324
1719,227323.5292815697
1720,235480.03204396856
1721,177480.89518893327
1722,132955.23994694988
1723,163444.06679711578
1724,201768.13920484757
1725,236786.6209804131
1726,197233.6838790273
1727,144181.26049828235
1728,190354.79539556423
1729,153955.80597743363
1730,169230.2429037842
1731,126220.2360696023
1732,135959.63784346468
1733,109215.71744740513
1734,115275.71515245322
1735,138738.92901891522
1736,103646.66620518843
1737,283990.1458592261
1738,252859.94439295604
1739,269113.16375482123
1740,198532.92060469388
1741,182102.55369028126
1742,174339.0565153352
1743,178221.61175561967
1744,318892.1661443243
1745,226408.74319997217
1746,239671.4730464377
1747,222386.46904598834
1748,241816.62136325287
1749,140217.74285363284
1750,139728.2066015371
1751,251992.76678637046
1752,107450.14211051603
1753,150288.54312131816
1754,200630.7467192182
1755,155175.1573184102
1756,127566.27936460014
1757,116050.26050073393
1758,147586.82440955634
1759,165282.8732019179
1760,164880.398313572
1761,147733.93070102413
1762,189280.28400435625
1763,194285.99220431093
1764,112945.68049233347
1765,180328.57564631905
1766,185080.5789366924
1767,208365.38170483155
1768,140894.2811287024
1769,163830.48677582608
1770,152592.90482159777
1771,124702.73510059071
1772,131143.65420094397
1773,115857.57049623523
1774,150085.94002927726
1775,135213.13282510254
1776,137598.74470123617
1777,108169.22743124506
1778,143017.44191675744
1779,116192.68999547753
1780,183994.20675199814
1781,127355.45921754232
1782,68999.6591858255
1783,132773.88763173512
1784,91485.06066365275
1785,135649.0637725108
1786,134094.97844431302
1787,178662.1083699138
1788,50064.2676725066
1789,97936.60676838411
1790,44173.262418829996
1791,215111.39022382497
1792,165674.1398563301
1793,135214.1233932047
1794,169949.1360390985
1795,128347.72776594988
1796,140758.7263877562
1797,138454.57268599048
1798,124054.28994363185
1799,104206.1977417406
1800,137461.52479899413
1801,116678.27246747405
1802,139361.30844941607
1803,160627.32690470057
1804,125169.33347534525
1805,138290.51793165295
1806,134753.27881992518
1807,160694.63756962918
1808,126039.55215515128
1809,125908.9140856455
1810,146500.69753792393
1811,86793.02096000392
1812,107403.07594998562
1813,125716.26297987133
1814,88855.52591448967
1815,37333.984173495
1816,101596.67536476538
1817,108417.80004871005
1818,172530.39975012525
1819,131182.79750790016
1820,47871.36613810173
1821,117096.25011382178
1822,160393.77231232758
1823,39216.54386517842
1824,147210.61310179706
1825,147255.504890444
1826,97683.01325530736
1827,100680.32870553285
1828,135089.0339523339
1829,151201.66337079494
1830,153193.03547115103
1831,152112.44882474453
1832,77107.79846007374
1833,155441.8882667782
1834,114823.22177560016
1835,121755.09385131832
1836,128895.17075700682
1837,76733.35281065965
1838,111765.23287920866
1839,100965.71762045354
1840,158751.60306817628
1841,127278.8727378393
1842,87872.2226861144
1843,122939.53741667295
1844,139640.60573253632
1845,153893.36985852243
1846,147805.89645919052
1847,178421.06865739275
1848,32483.27330044852
1849,125814.78447328531
1850,113872.4515907714
1851,143472.43920627987
1852,127073.84130513962
1853,114750.36936554563
1854,170708.2754806206
1855,147294.53141243343
1856,230986.2555435896
1857,154225.83632450248
1858,163604.93633299333
1859,119516.42692118761
1860,140780.96334992204
1861,118383.71955131608
1862,307097.0813837545
1863,305433.84608716913
1864,305449.5610274076
1865,356400.52264099964
1866,354113.4498695957
1867,223579.35045131086
1868,283222.56781534606
1869,209835.1026492718
1870,220291.06606534525
1871,279056.6937834929
1872,175522.98961637804
1873,231896.70618231467
1874,152970.5714145714
1875,204391.61675161135
1876,196694.28310271044
1877,200943.64596895754
1878,215361.77416058272
1879,116784.85707674584
1880,128386.36087523389
1881,235744.08449163832
1882,242044.2039472542
1883,187864.00394078976
1884,202100.54969007833
1885,249158.31519063335
1886,287275.52975236066
1887,220739.57280820596
1888,254421.3483178878
1889,167908.5114943611
1890,112082.92667076111
1891,140717.1599430556
1892,84521.59817395265
1893,125701.82116740868
1894,113266.22467243204
1895,133649.79231138475
1896,117996.44046047972
1897,96792.25822040785
1898,111016.11685869345
1899,161954.9442693066
1900,158321.96420602762
1901,171768.67800267166
1902,157881.26237386142
1903,234421.158250375
1904,164132.54741805504
1905,199073.7947753047
1906,157867.28034344348
1907,216233.53534427463
1908,120630.6355981784
1909,148341.96917889555
1910,128510.83887992849
1911,228244.1569194615
1912,295921.7563033158
1913,159524.14271315897
1914,62570.14036002671
1915,324184.87008993933
1916,42016.57973475712
1917,246377.50632321104
1918,135916.28321908158
1919,163110.82743757224
1920,164357.0729052244
1921,371764.58294723375
1922,341035.2337788616
1923,223689.20078304943
1924,212891.7688555967
1925,209748.82164435837
1926,370474.4360142936
1927,125538.82470445246
1928,152796.55169969128
1929,109520.205286407
1930,124114.31778671511
1931,135284.40732802253
1932,135077.78922051308
1933,197425.17297158536
1934,176376.08125939433
1935,164953.0844522148
1936,199964.25802326127
1937,177241.6358969083
1938,176231.14634746424
1939,254072.26374081327
1940,197465.0064973519
1941,167312.50772645275
1942,176528.41047479797
1943,234334.3665816548
1944,371581.44739495806
1945,373835.55703483365
1946,135250.83961295616
1947,330499.99317463546
1948,162431.6073873947
1949,242995.8937518351
1950,193672.55842834798
1951,231490.21856185334
1952,195890.5723133283
1953,171878.584330384
1954,188347.12570712357
1955,131070.63279526081
1956,275601.1407185406
1957,148540.40497064317
1958,279628.0906608709
1959,138851.10017333293
1960,96785.64005769796
1961,119314.78012799437
1962,89768.28367629983
1963,110078.04491866034
1964,103789.33720234768
1965,138509.86168767582
1966,139117.797529981
1967,299256.1569993551
1968,403354.4862591132
1969,382092.3323216071
1970,393719.65691619145
1971,455922.2623696455
1972,361705.12275253504
1973,299393.5812770757
1974,344078.57199076616
1975,447420.04949066235
1976,276514.7934344996
1977,366436.299623345
1978,344837.1892916621
1979,317698.16827716446
1980,206718.01651135675
1981,345612.038185527
1982,214681.1943258955
1983,208368.85518641927
1984,187240.97409449852
1985,237872.74628397526
1986,211006.26125529822
1987,202541.24158218084
1988,172130.6485318511
1989,194776.13899393272
1990,212532.29750136012
1991,229475.5283045262
1992,232596.58417219558
1993,174208.67001421272
1994,245592.2832840743
1995,182332.18353238935
1996,289061.3494735803
1997,330729.75570226216
1998,298502.73788162286
1999,301481.0398000685
2000,316562.69349914836
2001,280206.68693576346
2002,255127.95098210845
2003,239210.18349046752
2004,276420.0836108502
2005,245231.26598659527
2006,224325.51763715874
2007,242249.31064717085
2008,216754.4583705539
2009,206833.12204597238
2010,196585.90588016543
2011,157679.56383881898
2012,178998.51358994565
2013,174989.82708719242
2014,178487.13316512233
2015,197664.7195799128
2016,196096.3421790898
2017,196597.67481913904
2018,125558.53419167861
2019,140486.97416482941
2020,90477.9074048376
2021,92523.11559016464
2022,177631.254072324
2023,143917.75722220866
2024,291602.0912905919
2025,359103.04544573405
2026,174756.73600298184
2027,154477.92565751052
2028,155900.98708758497
2029,169355.39580533738
2030,259769.0695731687
2031,246387.37615297348
2032,273277.0437444543
2033,253685.29503357928
2034,185881.78463051404
2035,226372.07726912893
2036,205874.70132604078
2037,206901.21309721447
2038,322994.14419960807
2039,225545.0693947689
2040,317839.46591003076
2041,289667.787941964
2042,209809.2370797841
2043,174896.34472611843
2044,194448.9791724084
2045,195718.2640499024
2046,138046.32478846662
2047,142124.4293716144
2048,145670.05339151633
2049,137509.6848119329
2050,171435.22275637244
2051,113311.39888446528
2052,128954.45050710783
2053,147032.44073861284
2054,79354.24424230025
2055,154907.32427817673
2056,156640.78132393677
2057,105402.04331615086
2058,210469.17647513817
2059,124931.53767344996
2060,169931.26762097084
2061,186389.66319214614
2062,121124.00239365415
2063,114271.47074158487
2064,125787.59541689286
2065,121432.35177641062
2066,164614.45965729866
2067,132184.59060560213
2068,143925.67468551057
2069,82002.77757954152
2070,110995.76764834354
2071,87619.79458376684
2072,136646.48136811942
2073,125209.89077567881
2074,158321.04592407527
2075,165627.18948855743
2076,123843.43774304319
2077,155172.39221513883
2078,121015.93465799402
2079,142548.0019373874
2080,116606.38527311233
2081,124806.35904505907
2082,140694.3319676192
2083,156723.7286623141
2084,95146.15855155967
2085,114022.59701895191
2086,147547.43167830008
2087,127239.48278234994
2088,90811.51431666949
2089,73894.57890951875
2090,133658.12844119914
2091,78386.70603029823
2092,130821.18002417445
2093,158541.70429934724
2094,112501.53603086148
2095,120145.26738309965
2096,80607.65078470888
2097,95090.0135378734
2098,159827.50226453118
2099,30946.671909807512
2100,72086.69226351677
2101,100402.53178346173
2102,148227.61460752244
2103,88142.50373874733
2104,141854.10232603492
2105,135727.67274216877
2106,25360.684938278457
2107,212687.14784957212
2108,120384.98648142065
2109,101817.78664235421
2110,124215.17531621997
2111,155395.07770063126
2112,137357.5942664661
2113,122933.87863305563
2114,121510.6628880447
2115,167096.79967184435
2116,118271.04206955872
2117,153442.9021357074
2118,121719.96691130476
2119,107763.8376538298
2120,127453.66842761132
2121,100862.47435030092
2122,111662.5829362268
2123,89130.10749634802
2124,186250.592993287
2125,139694.6382687511
2126,151013.92375514325
2127,186027.39156080928
2128,142395.31270166574
2129,97951.88100679082
2130,138016.93112270202
2131,134501.4980397239
2132,105950.52585313594
2133,128021.0990919872
2134,121753.06408229758
2135,101560.83634425662
2136,40239.26758085325
2137,118268.66979185166
2138,133592.66700001725
2139,146115.9564393559
2140,135870.61632349557
2141,165538.13823417245
2142,128822.61870180443
2143,137518.01778678107
2144,119716.0542616832
2145,149645.61304116162
2146,198985.8887943134
2147,134719.54790988012
2148,141597.69033317483
2149,151245.82168841825
2150,231306.76629554835
2151,126586.14495904525
2152,172898.55628545082
2153,193171.9454710218
2154,105536.43589134028
2155,137295.50180463155
2156,261752.75637967017
2157,226225.58344988583
2158,243625.8426328263
2159,231801.27187665764
2160,183253.74752439905
2161,234279.55868743634
2162,354942.1239783186
2163,348279.1269372883
2164,247840.8965060989
2165,193113.3150933974
2166,164827.01580496263
2167,223665.87027969526
2168,188576.67810732874
2169,195258.12389315444
2170,211559.60659027117
2171,157088.07683679473
2172,134454.9310136743
2173,171236.45889471268
2174,218999.13202454464
2175,258719.4878076897
2176,298538.459657075
2177,233507.13203504225
2178,215194.60613336324
2179,145905.59967645552
2180,221609.54173227522
2181,201603.09344158744
2182,223729.7135437567
2183,200315.62766155478
2184,123027.37718293649
2185,128763.3824441036
2186,132389.63496563304
2187,152072.882295656
2188,158234.00231415912
2189,315390.24302879174
2190,73439.29034432668
2191,58056.57145256866
2192,67983.80832873512
2193,118539.35572914511
2194,98993.08919336135
2195,76865.02865045352
2196,110315.53185049749
2197,105587.42408779255
2198,157023.53526911142
2199,181620.33643315392
2200,145722.9223025657
2201,147486.2672297726
2202,202876.40343731336
2203,145964.03070447754
2204,170449.75397625944
2205,124715.09518642123
2206,154893.93307390733
2207,224043.92698980466
2208,247793.86520138883
2209,219792.94882108428
2210,129593.54612607101
2211,122953.81189035212
2212,121437.72355383151
2213,107721.39222851353
2214,158782.26953767182
2215,96915.63461075648
2216,151901.76635556386
2217,54442.549936426076
2218,90936.67909896917
2219,79545.38912881093
2220,54998.617814354686
2221,324500.5745773463
2222,298956.6289278148
2223,288607.5040801694
2224,218521.83804833883
2225,128772.11790630834
2226,179526.11660098247
2227,203690.44918284295
2228,290382.03834870365
2229,242506.58976630174
2230,155435.1482029598
2231,210537.1893422429
2232,176518.4758513657
2233,178580.25961391514
2234,255051.1038965572
2235,236359.0002906454
2236,245562.09405930477
2237,298990.8741385391
2238,211625.29927249986
2239,121113.48779291703
2240,170898.12368428084
2241,135300.05765388065
2242,131664.28728580673
2243,134429.20568536097
2244,111531.91309489845
2245,125918.36797116944
2246,134617.49627117955
2247,132835.04205491047
2248,124129.803825826
2249,118572.54706243738
2250,126038.0235421251
2251,113454.33811166554
2252,177587.03246537125
2253,166385.02690765404
2254,180391.1649798879
2255,188594.31313947123
2256,176351.3982466703
2257,214539.2587600256
2258,151667.86477546787
2259,171017.73065112263
2260,166362.25402145545
2261,222497.83872593957
2262,235870.40938005075
2263,360362.7969124256
2264,406827.2651027695
2265,170747.39297109746
2266,307321.14090741775
2267,354383.9011772651
2268,413619.3312026139
2269,159429.5810811759
2270,190190.60649105514
2271,204470.99700446974
2272,203637.92657674866
2273,149518.40054510886
2274,178122.06054217316
2275,152230.69179989444
2276,190014.23394689185
2277,188531.87121386235
2278,155669.12283877155
2279,129255.51558454223
2280,110064.87969741604
2281,162955.82211755787
2282,174698.07297780618
2283,117452.66916974886
2284,129043.66801769882
2285,137726.55817721525
2286,113567.83014838192
2287,385496.42778424633
2288,293080.16817004886
2289,327526.4491309813
2290,418608.39358226873
2291,347132.0519908926
2292,405823.29051828536
2293,430516.7871550743
2294,386883.3504906411
2295,424166.06978599896
2296,256340.6221743024
2297,374768.76533250534
2298,363736.97036067885
2299,353456.3558229457
2300,326119.83479222335
2301,331522.17807916546
2302,251713.8401983491
2303,253055.99881930483
2304,243175.30935495082
2305,206344.05094668828
2306,198608.40756286727
2307,208619.18104526494
2308,228973.1679872405
2309,306671.330696864
2310,214656.23585847265
2311,216491.4736918043
2312,174813.06885951245
2313,172469.02928080756
2314,178560.62167583618
2315,179853.5076485257
2316,209019.97621913068
2317,186500.62657196418
2318,178860.25550590496
2319,181938.03453790973
2320,179749.66134261567
2321,246994.56659739686
2322,189812.47526298967
2323,201624.6580655767
2324,203438.75702868385
2325,209949.7534385338
2326,188554.7229130038
2327,200438.4237180187
2328,227988.11517166928
2329,192478.980822961
2330,181124.98275733017
2331,319236.1079687869
2332,403865.9055205578
2333,319429.10568350914
2334,275050.32807805424
2335,313476.4567598653
2336,310965.97501246
2337,201762.11069863505
2338,251335.62523270593
2339,230977.04662912336
2340,375361.78511820466
2341,213123.63035407473
2342,234991.73484618298
2343,224845.3801548694
2344,227316.95119055753
2345,221808.95223462605
2346,218391.56024613627
2347,196343.74447062716
2348,245035.1397339559
2349,181948.20870685406
2350,315337.2244156224
2351,266666.42735125066
2352,239107.7560353977
2353,250902.96112816065
2354,147361.89609060963
2355,154140.06578074308
2356,163003.34805616242
2357,187866.69782761522
2358,194186.44325597002
2359,119659.55722122606
2360,113495.06683783705
2361,144572.5482172816
2362,261645.75664305902
2363,155373.01022190164
2364,179248.32415578654
2365,215742.13884721283
2366,194841.86581515428
2367,216338.1466100804
2368,221797.69670137585
2369,199526.06375383463
2370,170274.80441415394
2371,162926.89254799046
2372,190725.1237605141
2373,286214.2561115564
2374,310130.34003555734
2375,249282.54753385886
2376,277218.7675183343
2377,309415.80474267295
2378,147679.5466887877
2379,223793.00099161727
2380,151591.44281143963
2381,170858.90096490932
2382,219777.23633498885
2383,194998.44117489384
2384,237208.8043522572
2385,159413.1720423476
2386,129354.90601206795
2387,130412.50547402893
2388,106694.60123044316
2389,118311.79897590826
2390,148691.06694249122
2391,131908.53370858508
2392,110294.14607754783
2393,161699.16451661772
2394,148136.64539734204
2395,215609.8016292066
2396,144505.6146567724
2397,206371.03678026784
2398,129068.42364608364
2399,56967.358984070044
2400,56841.34655577026
2401,126930.34944068851
2402,138964.70528647595
2403,136351.95496471168
2404,140678.2550169367
2405,159356.59834149864
2406,131800.60404509422
2407,126323.5498814951
2408,155790.2139341439
2409,106332.71895495994
2410,186065.19527479852
2411,109762.10921803853
2412,158019.90047137096
2413,124680.8839037719
2414,165714.51970676938
2415,127139.61080800845
2416,128013.8127178216
2417,126188.00940527652
2418,130485.67022349598
2419,129059.20241774716
2420,118988.45037731367
2421,141131.27545305004
2422,102512.15951537256
2423,120944.37977315078
2424,141418.17797119194
2425,222219.07913079695
2426,123280.32210536492
2427,127097.0912077777
2428,186740.8829114524
2429,99542.41379769662
2430,130500.19334385233
2431,106168.27409842095
2432,146103.2398127296
2433,149138.43839100882
2434,140249.4175519637
2435,155502.62968307006
2436,120620.40659169223
2437,103594.84370599328
2438,110554.8899127405
2439,104337.46712173658
2440,128730.54926749083
2441,105225.71199420904
2442,92233.63579413648
2443,138788.46077667887
2444,116590.32265902587
2445,85184.76500425825
2446,139842.08012835655
2447,192525.6343383789
2448,134953.49884444047
2449,121324.79626940435
2450,155462.7631789818
2451,120546.97755068414
2452,211243.6397202321
2453,98551.1249170846
2454,107061.62578534495
2455,125159.71844818501
2456,145363.00780699583
2457,130989.41465109495
2458,138323.33756268804
2459,106712.3615238284
2460,158084.02082426072
2461,142594.7607807595
2462,134292.77186055845
2463,134997.7835699572
2464,182084.86469148076
2465,141459.86000154325
2466,124691.21187710656
2467,152123.76469335103
2468,80690.85640914858
2469,73207.81434995007
2470,215764.59621325578
2471,219861.74820172327
2472,174171.3854877698
2473,100869.2541939086
2474,66748.80301296563
2475,222776.3116526248
2476,94936.97333157904
2477,96864.01142508314
2478,140059.11604688707
2479,106974.55718095951
2480,150542.58199065627
2481,127823.66710509949
2482,122016.80622001333
2483,105451.22282546913
2484,128164.7635779522
2485,132950.87839484419
2486,146940.85947770154
2487,199314.72673476368
2488,162546.88879057995
2489,161126.70938554313
2490,142259.5947326705
2491,108040.67516377465
2492,193207.81993196256
2493,159894.25201525338
2494,150428.02445617155
2495,90324.98871225904
2496,225148.3437106746
2497,158559.6479986125
2498,101747.70246816326
2499,72579.49563133778
2500,102078.71825001934
2501,143385.65103935907
2502,143839.07440215393
2503,86670.00707298014
2504,178296.28582288092
2505,228372.18308481725
2506,248523.0471974928
2507,267345.61315058474
2508,248710.07043860343
2509,222120.57938836215
2510,215389.84587113
2511,176301.14951269538
2512,222560.31610645363
2513,229747.23358930333
2514,265703.46920839336
2515,136286.6452995546
2516,174117.75281873107
2517,151000.71771185542
2518,152717.00621370113
2519,243666.25702492107
2520,211515.90113143605
2521,187922.0255705188
2522,219574.85110490792
2523,112171.64056512451
2524,128707.11773990838
2525,119290.64827028508
2526,135192.03721782795
2527,117212.13890303278
2528,122968.17785358071
2529,153950.8228237124
2530,127870.280053076
2531,262138.4369078711
2532,223516.2090896144
2533,195827.66172285145
2534,247826.23427747813
2535,271131.5367683959
2536,227565.53121204296
2537,240574.71571601267
2538,184588.73135427551
2539,197493.06332535707
2540,181252.68827739192
2541,181756.28423258977
2542,162281.02162544144
2543,118610.63508854229
2544,110030.90104641707
2545,141045.78032138752
2546,124108.77276239637
2547,153745.19324323707
2548,168611.45075663392
2549,151061.39871690513
2550,585678.9785431818
2551,155035.23449613835
2552,133490.02007650718
2553,59523.44593227995
2554,84150.42326543888
2555,94688.10656578136
2556,84392.3265504195
2557,104807.82234154252
2558,192109.77090211108
2559,140921.24756544046
2560,157113.3460723375
2561,153330.74944846728
2562,146704.8837343889
2563,147968.20288414304
2564,210889.25031411936
2565,164191.06590398523
2566,157135.62756583397
2567,123511.22733113074
2568,193439.0807845483
2569,196913.9432497687
2570,131261.69526615835
2571,182311.1877288476
2572,173359.8541088701
2573,208446.618280348
2574,283517.4191904331
2575,138188.76348651855
2576,127887.91319828879
2577,164771.4261544642
2578,81323.54105765144
2579,24424.88027532914
2580,108454.33339182344
2581,129505.43588861458
2582,130025.52180591521
2583,278317.27443610574
2584,156016.92641687486
2585,185835.02234716967
2586,209004.23001685037
2587,196733.66611019883
2588,135980.20687441458
2589,141987.8063040222
2590,201924.65787331073
2591,257164.48544226814
2592,212930.68416061118
2593,257816.2229244329
2594,172589.2034609821
2595,225843.86171867145
2596,283048.06181590125
2597,203449.81287059098
2598,285216.40111018333
2599,357264.9906406349
2600,184340.74238695315
2601,156099.64811398103
2602,74856.79837785922
2603,99637.58422060509
2604,81644.6503609621
2605,69360.05030371442
2606,128388.0178003127
2607,234564.95588018556
2608,201912.4051357534
2609,170820.28325031506
2610,101260.1272816821
2611,131059.26011227824
2612,148825.41524372826
2613,125099.21800728128
2614,109718.15186925398
2615,157646.3497943725
2616,153456.93974725605
2617,194968.725509224
2618,233090.29215047476
2619,207673.39239507733
2620,190298.74418121338
2621,170591.07569626023
2622,181755.7179463092
2623,223990.39049268528
2624,276284.75949109014
2625,260439.12240134767
2626,167096.16537601856
2627,164087.0424632715
2628,424333.86821113434
2629,472669.25797510525
2630,366624.3560243006
2631,422855.2387358188
2632,387140.5675692832
2633,298964.1951753475
2634,396622.5805666196
2635,151386.6892920867
2636,183933.55095160034
2637,216364.94942275732
2638,264391.86073875875
2639,185653.5202222728
2640,147827.6813560141
2641,93954.53328572163
2642,175181.59678439386
2643,112412.49464144958
2644,113845.51636565238
2645,114359.3572461693
2646,96354.80260120124
2647,117708.04610984585
2648,136175.02438882718
2649,162293.40761765023
2650,137363.75285367298
2651,137535.4980366104
2652,372694.1270541895
2653,247873.85561372
2654,270830.7739904814
2655,395366.5085081563
2656,326351.4642996339
2657,347802.6405453749
2658,325221.02265969565
2659,340568.972989315
2660,350575.8522992494
2661,357797.7675435146
2662,376676.06374664744
2663,267236.949241058
2664,302031.71998998267
2665,332841.50926685496
2666,300633.4660209919
2667,177884.18929141486
2668,186845.84601073753
2669,185721.9533113635
2670,272097.34085665434
2671,188534.08228515534
2672,198292.34546441984
2673,198469.35569609588
2674,198538.71394588536
2675,193197.3187195767
2676,193879.21023256716
2677,195899.7422037798
2678,252470.4909328718
2679,278343.32728995633
2680,295145.41896752384
2681,410551.3607547664
2682,320773.3536713085
2683,484519.20516633766
2684,340953.713759989
2685,324222.87403480435
2686,243248.0451921735
2687,282412.8387768173
2688,215129.8631728084
2689,212867.2556524066
2690,359730.25015665614
2691,187341.59733490995
2692,158352.72833412228
2693,198527.81769151866
2694,152287.14790237384
2695,190861.80640000617
2696,180052.06976576112
2697,182192.49804091727
2698,204266.60110400175
2699,165727.0233306707
2700,149871.3804552211
2701,154857.1458953282
2702,119788.92895551713
2703,151426.92151129787
2704,141266.5328122414
2705,109822.86257635802
2706,106126.43896453996
2707,139520.9436089234
2708,118673.34887285475
2709,111009.61688118454
2710,129879.72240814684
2711,270709.4143941551
2712,389123.5096836023
2713,162157.06717908345
2714,144429.99597811484
2715,168115.8352450596
2716,139301.64374042652
2717,192566.34443048527
2718,216973.584168942
2719,127595.63158436496
2720,191468.89204869026
2721,134552.9878510681
2722,171067.641343147
2723,150683.6748245749
2724,135546.2876094184
2725,123815.8030158031
2726,133955.21046529993
2727,166487.21551728592
2728,176534.9807816902
2729,146449.16950070733
2730,138851.70346940856
2731,134315.59675755474
2732,133778.66307977168
2733,161787.40898674895
2734,164477.43853682888
2735,131928.98462245503
2736,133017.5799433043
2737,111648.68052615374
2738,123632.01412897563
2739,144726.35745594508
2740,135808.166473382
2741,155639.0543293689
2742,175057.04737545014
2743,157164.28341322346
2744,165665.3883792566
2745,142111.05503736413
2746,126993.00425021641
2747,166549.51677631127
2748,121510.39767691873
2749,133816.02013050875
2750,110265.91686679333
2751,126540.80898225344
2752,209935.38554056003
2753,135344.59949352656
2754,228174.37706106965
2755,135702.63192954348
2756,81194.44272962725
2757,68038.89909379791
2758,69525.50923624309
2759,162662.36923000906
2760,128642.45499473097
2761,132823.08094189147
2762,128958.48748354331
2763,189179.46675336204
2764,166647.20807553962
2765,272957.7159189945
2766,119545.27173223665
2767,78549.81714744816
2768,116904.61502083528
2769,138546.18018850894
2770,155060.7775234011
2771,104995.25190334601
2772,94433.31442845083
2773,180284.09391927355
2774,148904.9432524407
2775,127831.80504667401
2776,141518.2705048394
2777,157145.98705801845
2778,120148.86730562811
2779,120408.25247207322
2780,101697.05793893953
2781,85308.20391427903
2782,90874.7065856081
2783,84770.84378761698
2784,119694.70075041594
2785,146362.89129479756
2786,47814.60942364244
2787,126808.84406107431
2788,65421.847592382954
2789,181134.07750176842
2790,91336.58442544765
2791,108413.62716535873
2792,54257.27654564839
2793,152303.58600958748
2794,96687.38213919777
2795,124515.22084478468
2796,88564.4225917075
2797,226438.41699344793
2798,120925.3456953124
2799,110312.41999733279
2800,69331.96702701935
2801,109857.20577693274
2802,135796.47316612903
2803,169691.20002224034
2804,145416.647446173
2805,111293.26295851411
2806,72970.50052167651
2807,166036.49239747826
2808,149340.59853005552
2809,120395.9293639005
2810,125629.59724426054
2811,174594.13972757506
2812,183709.15641352368
2813,151215.95954745088
2814,147583.26339338475
2815,105558.15220651659
2816,202383.88226523713
2817,148762.84060691824
2818,128659.41718128671
2819,198978.12179606524
2820,135550.93851468104
2821,111996.86184353867
2822,197822.0202786384
2823,313071.24685069465
2824,161666.18504738167
2825,169402.0914675793
2826,124955.71374357001
2827,136525.4152199923
2828,244840.24534844235
2829,210113.67587938972
2830,214567.6650820903
2831,190252.4343350742
2832,228310.60082853277
2833,311213.0946519537
2834,232943.86473968066
2835,233995.34218177866
2836,197098.13583302617
2837,159906.73131812588
2838,143199.18509676395
2839,172649.670971068
2840,197721.9359653621
2841,205170.3576825143
2842,227645.20716222783
2843,149606.29957331996
2844,158985.6138932229
2845,128540.46337280596
2846,205728.02423202328
2847,203712.65476317622
2848,206134.3721291233
2849,203197.8922561453
2850,274631.149346184
2851,224711.4951670434
2852,222441.83397936355
2853,241239.50437183664
2854,148096.9196929454
2855,202938.96971260294
2856,202154.6677616992
2857,191701.55306768324
2858,214499.43824324248
2859,86980.58405906717
2860,122288.5593140351
2861,129232.0792968034
2862,189384.37404590065
2863,142962.99799931995
2864,255225.13897542036
2865,154150.98223279126
2866,154248.06233001934
2867,93064.16569011437
2868,93456.8807299347
2869,103090.13666289524
2870,110208.07019065853
2871,70960.09336611337
2872,9384.599146878027
2873,81557.94231329071
2874,136382.65479308437
2875,111704.16835442177
2876,175108.51473506168
2877,151517.49736016418
2878,168329.77605642987
2879,119907.01512113129
2880,100735.83248951833
2881,141881.80669096886
2882,176633.69457657044
2883,188874.13927148966
2884,203144.3727055667
2885,189433.34484375437
2886,232271.8750117376
2887,121652.68685077294
2888,143382.52780746526
2889,46814.479397426316
2890,72980.56727424197
2891,142630.59183278133
2892,50798.85297448828
2893,81570.21477253173
2894,48445.922397170856
2895,343509.5443032929
2896,289075.48159408383
2897,214312.95196348042
2898,149863.79283114753
2899,224909.29921039508
2900,154489.74892160526
2901,215371.03857600002
2902,188391.3595644042
2903,303982.06365659577
2904,339154.229998031
2905,83621.05274205263
2906,209272.2656383343
2907,120262.55389569516
2908,121379.79531291289
2909,146325.0377348601
2910,71178.94552221074
2911,72187.2629313549
2912,161042.00177204853
2913,74526.24338361474
2914,69858.54513420611
2915,82214.39131820739
2916,76863.88978483996
2917,173960.14905424087
2918,106118.0865451511
2919,222072.54842694226
